#T3_1r
#.data
00 00 00 00 00 00 00 00 00 00 00 00 00 00 00 00 00 00 00 00 00 00 00 00 00 00 00 00 00 00 00 00 00 00 00 00 00 00 00 00 
#.text
37 02 00 00 77 02 01 00 b7 02 14 00 93 02 00 00 f4 03 b4 00 37 4e 64 00 03 02 02 00 43 02 02 00 87 02 01 00 f7 03 98 00 37 02 64 00 77 02 14 00 2f 00 00 00 37 02 64 00 77 02 14 00 2f 00 00 00 f7 03 00 00 

#RedBr.	Sim	Sek	Vre	Vid	Vel	Atr
0		0	0	1	0	4
1	.data	2	64	1	28	1
3	.text	1	8c	1	44	2
2	array	2	64	1	0	4
4	_start	1	8c	0	0	4
5	loop_begin	1	98	1	0	4
6	loop_end	1	b4	1	0	4
7	obrada_zamena	0	0	0	0	4
8	obrada_ispis	0	0	0	0	4

#rel.text
#Off	Tip	Vre	
12	0	3	
16	0	1	
26	0	3	
2a	0	1	
32	0	7	
36	0	1	
3e	0	8	
